32 1 10 0.515 1.000 1.000
32 1 10 0.530 1.000 1.000
32 1 10 0.541 1.000 1.000
32 1 10 0.558 1.000 1.000
32 1 10 0.605 1.000 1.000
32 1 10 0.497 1.000 1.000
32 1 10 0.538 1.000 1.000
32 1 10 0.499 1.000 1.000
32 1 10 0.539 1.000 1.000
32 1 10 0.521 1.000 1.000
32 1 100 0.553 1.000 1.000
32 1 100 0.558 1.000 1.000
32 1 100 0.591 1.000 1.000
32 1 100 0.511 1.000 1.000
32 1 100 0.512 1.000 1.000
32 1 100 0.519 1.000 1.000
32 1 100 0.539 1.000 1.000
32 1 100 0.523 1.000 1.000
32 1 100 0.619 1.000 1.000
32 1 100 0.610 1.000 1.000
32 1 1000 2.033 1.000 1.000
32 1 1000 2.078 1.000 1.000
32 1 1000 2.117 1.000 1.000
32 1 1000 2.068 1.000 1.000
32 1 1000 2.053 1.000 1.000
32 1 1000 2.075 1.000 1.000
32 1 1000 2.073 1.000 1.000
32 1 1000 2.101 1.000 1.000
32 1 1000 2.076 1.000 1.000
32 1 1000 2.084 1.000 1.000
32 2 10 0.554 1.000 1.000
32 2 10 0.577 1.000 1.000
32 2 10 0.582 1.000 1.000
32 2 10 0.578 1.000 1.000
32 2 10 0.664 1.000 1.000
32 2 10 0.544 1.000 1.000
32 2 10 0.607 1.000 1.000
32 2 10 0.625 1.000 1.000
32 2 10 0.655 1.000 1.000
32 2 10 0.574 1.000 1.000
32 2 100 0.624 1.000 1.000
32 2 100 0.657 1.000 1.000
32 2 100 0.580 1.000 1.000
32 2 100 0.629 1.000 1.000
32 2 100 0.654 1.000 1.000
32 2 100 0.581 1.000 1.000
32 2 100 0.614 1.000 1.000
32 2 100 0.581 1.000 1.000
32 2 100 0.637 1.000 1.000
32 2 100 0.585 1.000 1.000
32 2 1000 1.588 1.000 1.000
32 2 1000 1.694 1.000 1.000
32 2 1000 1.547 1.000 1.000
32 2 1000 1.542 1.000 1.000
32 2 1000 1.537 1.000 1.000
32 2 1000 1.604 1.000 1.000
32 2 1000 1.591 1.000 1.000
32 2 1000 1.646 1.000 1.000
32 2 1000 1.571 1.000 1.000
32 2 1000 1.548 1.000 1.000
32 4 10 0.704 1.000 1.000
32 4 10 0.608 1.000 1.000
32 4 10 0.611 1.000 1.000
32 4 10 0.600 1.000 1.000
32 4 10 0.622 1.000 1.000
32 4 10 0.592 1.000 1.000
32 4 10 0.595 1.000 1.000
32 4 10 0.560 1.000 1.000
32 4 10 0.601 1.000 1.000
32 4 10 0.596 1.000 1.000
32 4 100 0.624 1.000 1.000
32 4 100 0.630 1.000 1.000
32 4 100 0.633 1.000 1.000
32 4 100 0.623 1.000 1.000
32 4 100 0.611 1.000 1.000
32 4 100 0.625 1.000 1.000
32 4 100 0.654 1.000 1.000
32 4 100 0.578 1.000 1.000
32 4 100 0.615 1.000 1.000
32 4 100 0.587 1.000 1.000
32 4 1000 1.737 1.000 1.000
32 4 1000 1.772 1.000 1.000
32 4 1000 1.756 1.000 1.000
32 4 1000 1.720 1.000 1.000
32 4 1000 1.759 1.000 1.000
32 4 1000 1.735 1.000 1.000
32 4 1000 1.703 1.000 1.000
32 4 1000 1.732 1.000 1.000
32 4 1000 1.729 1.000 1.000
32 4 1000 1.677 1.000 1.000
32 8 10 0.587 1.000 1.000
32 8 10 0.665 1.000 1.000
32 8 10 0.575 1.000 1.000
32 8 10 0.578 1.000 1.000
32 8 10 0.553 1.000 1.000
32 8 10 0.661 1.000 1.000
32 8 10 0.679 1.000 1.000
32 8 10 0.605 1.000 1.000
32 8 10 0.566 1.000 1.000
32 8 10 0.595 1.000 1.000
32 8 100 0.689 1.000 1.000
32 8 100 0.609 1.000 1.000
32 8 100 0.580 1.000 1.000
32 8 100 0.611 1.000 1.000
32 8 100 0.552 1.000 1.000
32 8 100 0.670 1.000 1.000
32 8 100 0.628 1.000 1.000
32 8 100 0.581 1.000 1.000
32 8 100 0.642 1.000 1.000
32 8 100 0.630 1.000 1.000
32 8 1000 1.855 1.000 1.000
32 8 1000 1.804 1.000 1.000
32 8 1000 1.873 1.000 1.000
32 8 1000 1.769 1.000 1.000
32 8 1000 1.805 1.000 1.000
32 8 1000 1.825 1.000 1.000
32 8 1000 1.878 1.000 1.000
32 8 1000 1.725 1.000 1.000
32 8 1000 1.767 1.000 1.000
32 8 1000 1.731 1.000 1.000
32 16 10 0.578 1.000 1.000
32 16 10 0.594 1.000 1.000
32 16 10 0.568 1.000 1.000
32 16 10 0.644 1.000 1.000
32 16 10 0.629 1.000 1.000
32 16 10 0.583 1.000 1.000
32 16 10 0.702 1.000 1.000
32 16 10 0.649 1.000 1.000
32 16 10 0.693 1.000 1.000
32 16 10 0.617 1.000 1.000
32 16 100 0.623 1.000 1.000
32 16 100 0.680 1.000 1.000
32 16 100 0.643 1.000 1.000
32 16 100 0.647 1.000 1.000
32 16 100 0.635 1.000 1.000
32 16 100 0.628 1.000 1.000
32 16 100 0.645 1.000 1.000
32 16 100 0.633 1.000 1.000
32 16 100 0.641 1.000 1.000
32 16 100 0.600 1.000 1.000
32 16 1000 1.671 1.000 1.000
32 16 1000 1.716 1.000 1.000
32 16 1000 1.790 1.000 1.000
32 16 1000 1.746 1.000 1.000
32 16 1000 1.724 1.000 1.000
32 16 1000 1.764 1.000 1.000
32 16 1000 1.800 1.000 1.000
32 16 1000 1.720 1.000 1.000
32 16 1000 1.762 1.000 1.000
32 16 1000 1.716 1.000 1.000
32 32 10 0.669 1.000 1.000
32 32 10 0.716 1.000 1.000
32 32 10 0.604 1.000 1.000
32 32 10 0.575 1.000 1.000
32 32 10 0.578 1.000 1.000
32 32 10 0.721 1.000 1.000
32 32 10 0.732 1.000 1.000
32 32 10 0.664 1.000 1.000
32 32 10 0.717 1.000 1.000
32 32 10 0.582 1.000 1.000
32 32 100 0.648 1.000 1.000
32 32 100 0.591 1.000 1.000
32 32 100 0.721 1.000 1.000
32 32 100 0.726 1.000 1.000
32 32 100 0.618 1.000 1.000
32 32 100 0.692 1.000 1.000
32 32 100 0.691 1.000 1.000
32 32 100 0.650 1.000 1.000
32 32 100 0.658 1.000 1.000
32 32 100 0.713 1.000 1.000
32 32 1000 1.663 1.000 1.000
32 32 1000 1.695 1.000 1.000
32 32 1000 1.749 1.000 1.000
32 32 1000 1.762 1.000 1.000
32 32 1000 1.708 1.000 1.000
32 32 1000 1.820 1.000 1.000
32 32 1000 1.738 1.000 1.000
32 32 1000 1.759 1.000 1.000
32 32 1000 1.761 1.000 1.000
32 32 1000 1.705 1.000 1.000