1 1 10 0.362 1.000 1.000
1 1 10 0.406 1.000 1.000
1 1 10 0.371 1.000 1.000
1 1 10 0.399 1.000 1.000
1 1 10 0.474 1.000 1.000
1 1 10 0.510 1.000 1.000
1 1 10 0.422 1.000 1.000
1 1 10 0.454 1.000 1.000
1 1 10 0.512 1.000 1.000
1 1 10 0.457 1.000 1.000
1 1 100 0.403 1.000 1.000
1 1 100 0.405 1.000 1.000
1 1 100 0.406 1.000 1.000
1 1 100 0.434 1.000 1.000
1 1 100 0.434 1.000 1.000
1 1 100 0.383 1.000 1.000
1 1 100 0.388 1.000 1.000
1 1 100 0.324 1.000 1.000
1 1 100 0.358 1.000 1.000
1 1 100 0.381 1.000 1.000
1 1 1000 1.555 1.000 1.000
1 1 1000 1.587 1.000 1.000
1 1 1000 1.536 1.000 1.000
1 1 1000 1.613 1.000 1.000
1 1 1000 1.544 1.000 1.000
1 1 1000 1.607 1.000 1.000
1 1 1000 1.586 1.000 1.000
1 1 1000 1.705 1.000 1.000
1 1 1000 1.720 1.000 1.000
1 1 1000 1.571 1.000 1.000
2 1 10 0.419 1.000 1.000
2 1 10 0.525 1.000 1.000
2 1 10 0.436 1.000 1.000
2 1 10 0.460 1.000 1.000
2 1 10 0.435 1.000 1.000
2 1 10 0.483 1.000 1.000
2 1 10 0.456 1.000 1.000
2 1 10 0.477 1.000 1.000
2 1 10 0.422 1.000 1.000
2 1 10 0.499 1.000 1.000
2 1 100 0.491 1.000 1.000
2 1 100 0.467 1.000 1.000
2 1 100 0.421 1.000 1.000
2 1 100 0.447 1.000 1.000
2 1 100 0.499 1.000 1.000
2 1 100 0.475 1.000 1.000
2 1 100 0.484 1.000 1.000
2 1 100 0.467 1.000 1.000
2 1 100 0.450 1.000 1.000
2 1 100 0.514 1.000 1.000
2 1 1000 1.763 1.000 1.000
2 1 1000 1.786 1.000 1.000
2 1 1000 1.821 1.000 1.000
2 1 1000 1.799 1.000 1.000
2 1 1000 1.926 1.000 1.000
2 1 1000 1.834 1.000 1.000
2 1 1000 1.849 1.000 1.000
2 1 1000 1.905 1.000 1.000
2 1 1000 1.863 1.000 1.000
2 1 1000 1.872 1.000 1.000
2 2 10 0.546 1.000 1.000
2 2 10 0.574 1.000 1.000
2 2 10 0.544 1.000 1.000
2 2 10 0.564 1.000 1.000
2 2 10 0.553 1.000 1.000
2 2 10 0.532 1.000 1.000
2 2 10 0.546 1.000 1.000
2 2 10 0.520 1.000 1.000
2 2 10 0.553 1.000 1.000
2 2 10 0.561 1.000 1.000
2 2 100 0.591 1.000 1.000
2 2 100 0.573 1.000 1.000
2 2 100 0.549 1.000 1.000
2 2 100 0.538 1.000 1.000
2 2 100 0.522 1.000 1.000
2 2 100 0.542 1.000 1.000
2 2 100 0.507 1.000 1.000
2 2 100 0.524 1.000 1.000
2 2 100 0.536 1.000 1.000
2 2 100 0.548 1.000 1.000
2 2 1000 1.390 1.000 1.000
2 2 1000 1.312 1.000 1.000
2 2 1000 1.295 1.000 1.000
2 2 1000 1.307 1.000 1.000
2 2 1000 1.373 1.000 1.000
2 2 1000 1.351 1.000 1.000
2 2 1000 1.346 1.000 1.000
2 2 1000 1.356 1.000 1.000
2 2 1000 1.324 1.000 1.000
2 2 1000 1.310 1.000 1.000
4 1 10 0.461 1.000 1.000
4 1 10 0.469 1.000 1.000
4 1 10 0.479 1.000 1.000
4 1 10 0.456 1.000 1.000
4 1 10 0.473 1.000 1.000
4 1 10 0.466 1.000 1.000
4 1 10 0.494 1.000 1.000
4 1 10 0.479 1.000 1.000
4 1 10 0.480 1.000 1.000
4 1 10 0.469 1.000 1.000
4 1 100 0.487 1.000 1.000
4 1 100 0.455 1.000 1.000
4 1 100 0.490 1.000 1.000
4 1 100 0.467 1.000 1.000
4 1 100 0.480 1.000 1.000
4 1 100 0.491 1.000 1.000
4 1 100 0.490 1.000 1.000
4 1 100 0.459 1.000 1.000
4 1 100 0.506 1.000 1.000
4 1 100 0.461 1.000 1.000
4 1 1000 1.989 1.000 1.000
4 1 1000 1.994 1.000 1.000
4 1 1000 2.070 1.000 1.000
4 1 1000 2.101 1.000 1.000
4 1 1000 2.081 1.000 1.000
4 1 1000 2.088 1.000 1.000
4 1 1000 2.091 1.000 1.000
4 1 1000 2.081 1.000 1.000
4 1 1000 2.079 1.000 1.000
4 1 1000 2.045 1.000 1.000
4 2 10 0.579 1.000 1.000
4 2 10 0.545 1.000 1.000
4 2 10 0.638 1.000 1.000
4 2 10 0.594 1.000 1.000
4 2 10 0.547 1.000 1.000
4 2 10 0.631 1.000 1.000
4 2 10 0.531 1.000 1.000
4 2 10 0.553 1.000 1.000
4 2 10 0.517 1.000 1.000
4 2 10 0.518 1.000 1.000
4 2 100 0.549 1.000 1.000
4 2 100 0.559 1.000 1.000
4 2 100 0.527 1.000 1.000
4 2 100 0.555 1.000 1.000
4 2 100 0.553 1.000 1.000
4 2 100 0.528 1.000 1.000
4 2 100 0.552 1.000 1.000
4 2 100 0.561 1.000 1.000
4 2 100 0.582 1.000 1.000
4 2 100 0.549 1.000 1.000
4 2 1000 1.560 1.000 1.000
4 2 1000 1.691 1.000 1.000
4 2 1000 1.674 1.000 1.000
4 2 1000 1.690 1.000 1.000
4 2 1000 1.699 1.000 1.000
4 2 1000 1.688 1.000 1.000
4 2 1000 1.655 1.000 1.000
4 2 1000 1.721 1.000 1.000
4 2 1000 1.640 1.000 1.000
4 2 1000 1.637 1.000 1.000
4 4 10 0.570 1.000 1.000
4 4 10 0.569 1.000 1.000
4 4 10 0.575 1.000 1.000
4 4 10 0.569 1.000 1.000
4 4 10 0.538 1.000 1.000
4 4 10 0.579 1.000 1.000
4 4 10 0.503 1.000 1.000
4 4 10 0.565 1.000 1.000
4 4 10 0.579 1.000 1.000
4 4 10 0.592 1.000 1.000
4 4 100 0.623 1.000 1.000
4 4 100 0.611 1.000 1.000
4 4 100 0.563 1.000 1.000
4 4 100 0.597 1.000 1.000
4 4 100 0.560 1.000 1.000
4 4 100 0.563 1.000 1.000
4 4 100 0.601 1.000 1.000
4 4 100 0.594 1.000 1.000
4 4 100 0.561 1.000 1.000
4 4 100 0.572 1.000 1.000
4 4 1000 1.687 1.000 1.000
4 4 1000 1.696 1.000 1.000
4 4 1000 1.656 1.000 1.000
4 4 1000 1.726 1.000 1.000
4 4 1000 1.719 1.000 1.000
4 4 1000 1.741 1.000 1.000
4 4 1000 1.661 1.000 1.000
4 4 1000 1.690 1.000 1.000
4 4 1000 1.704 1.000 1.000
4 4 1000 1.708 1.000 1.000
8 1 10 0.455 1.000 1.000
8 1 10 0.490 1.000 1.000
8 1 10 0.472 1.000 1.000
8 1 10 0.462 1.000 1.000
8 1 10 0.530 1.000 1.000
8 1 10 0.487 1.000 1.000
8 1 10 0.588 1.000 1.000
8 1 10 0.578 1.000 1.000
8 1 10 0.496 1.000 1.000
8 1 10 0.457 1.000 1.000
8 1 100 0.531 1.000 1.000
8 1 100 0.499 1.000 1.000
8 1 100 0.504 1.000 1.000
8 1 100 0.473 1.000 1.000
8 1 100 0.516 1.000 1.000
8 1 100 0.495 1.000 1.000
8 1 100 0.508 1.000 1.000
8 1 100 0.498 1.000 1.000
8 1 100 0.488 1.000 1.000
8 1 100 0.467 1.000 1.000
8 1 1000 1.975 1.000 1.000
8 1 1000 2.014 1.000 1.000
8 1 1000 2.076 1.000 1.000
8 1 1000 2.089 1.000 1.000
8 1 1000 2.081 1.000 1.000
8 1 1000 2.055 1.000 1.000
8 1 1000 2.067 1.000 1.000
8 1 1000 2.090 1.000 1.000
8 1 1000 2.074 1.000 1.000
8 1 1000 2.081 1.000 1.000
8 2 10 0.549 1.000 1.000
8 2 10 0.537 1.000 1.000
8 2 10 0.559 1.000 1.000
8 2 10 0.553 1.000 1.000
8 2 10 0.519 1.000 1.000
8 2 10 0.539 1.000 1.000
8 2 10 0.517 1.000 1.000
8 2 10 0.536 1.000 1.000
8 2 10 0.608 1.000 1.000
8 2 10 0.540 1.000 1.000
8 2 100 0.560 1.000 1.000
8 2 100 0.527 1.000 1.000
8 2 100 0.568 1.000 1.000
8 2 100 0.576 1.000 1.000
8 2 100 0.584 1.000 1.000
8 2 100 0.567 1.000 1.000
8 2 100 0.569 1.000 1.000
8 2 100 0.572 1.000 1.000
8 2 100 0.574 1.000 1.000
8 2 100 0.551 1.000 1.000
8 2 1000 1.551 1.000 1.000
8 2 1000 1.609 1.000 1.000
8 2 1000 1.630 1.000 1.000
8 2 1000 1.632 1.000 1.000
8 2 1000 1.627 1.000 1.000
8 2 1000 1.631 1.000 1.000
8 2 1000 1.650 1.000 1.000
8 2 1000 1.590 1.000 1.000
8 2 1000 1.638 1.000 1.000
8 2 1000 1.655 1.000 1.000
8 4 10 0.560 1.000 1.000
8 4 10 0.590 1.000 1.000
8 4 10 0.555 1.000 1.000
8 4 10 0.544 1.000 1.000
8 4 10 0.581 1.000 1.000
8 4 10 0.615 1.000 1.000
8 4 10 0.618 1.000 1.000
8 4 10 0.519 1.000 1.000
8 4 10 0.675 1.000 1.000
8 4 10 0.517 1.000 1.000
8 4 100 0.568 1.000 1.000
8 4 100 0.595 1.000 1.000
8 4 100 0.601 1.000 1.000
8 4 100 0.620 1.000 1.000
8 4 100 0.579 1.000 1.000
8 4 100 0.556 1.000 1.000
8 4 100 0.579 1.000 1.000
8 4 100 0.610 1.000 1.000
8 4 100 0.560 1.000 1.000
8 4 100 0.569 1.000 1.000
8 4 1000 1.691 1.000 1.000
8 4 1000 1.727 1.000 1.000
8 4 1000 1.746 1.000 1.000
8 4 1000 1.746 1.000 1.000
8 4 1000 1.668 1.000 1.000
8 4 1000 1.730 1.000 1.000
8 4 1000 1.672 1.000 1.000
8 4 1000 1.712 1.000 1.000
8 4 1000 1.648 1.000 1.000
8 4 1000 1.731 1.000 1.000
8 8 10 0.583 1.000 1.000
8 8 10 0.611 1.000 1.000
8 8 10 0.595 1.000 1.000
8 8 10 0.643 1.000 1.000
8 8 10 0.603 1.000 1.000
8 8 10 0.598 1.000 1.000
8 8 10 0.581 1.000 1.000
8 8 10 0.543 1.000 1.000
8 8 10 0.542 1.000 1.000
8 8 10 0.581 1.000 1.000
8 8 100 0.571 1.000 1.000
8 8 100 0.569 1.000 1.000
8 8 100 0.559 1.000 1.000
8 8 100 0.570 1.000 1.000
8 8 100 0.587 1.000 1.000
8 8 100 0.600 1.000 1.000
8 8 100 0.593 1.000 1.000
8 8 100 0.598 1.000 1.000
8 8 100 0.608 1.000 1.000
8 8 100 0.573 1.000 1.000
8 8 1000 1.699 1.000 1.000
8 8 1000 1.694 1.000 1.000
8 8 1000 1.697 1.000 1.000
8 8 1000 1.701 1.000 1.000
8 8 1000 1.665 1.000 1.000
8 8 1000 1.738 1.000 1.000
8 8 1000 1.942 1.000 1.000
8 8 1000 1.684 1.000 1.000
8 8 1000 1.657 1.000 1.000
8 8 1000 1.702 1.000 1.000
16 1 10 0.492 1.000 1.000
16 1 10 0.578 1.000 1.000
16 1 10 0.544 1.000 1.000
16 1 10 0.483 1.000 1.000
16 1 10 0.470 1.000 1.000
16 1 10 0.514 1.000 1.000
16 1 10 0.510 1.000 1.000
16 1 10 0.552 1.000 1.000
16 1 10 0.522 1.000 1.000
16 1 10 0.510 1.000 1.000
16 1 100 0.548 1.000 1.000
16 1 100 0.572 1.000 1.000
16 1 100 0.561 1.000 1.000
16 1 100 0.476 1.000 1.000
16 1 100 0.533 1.000 1.000
16 1 100 0.507 1.000 1.000
16 1 100 0.499 1.000 1.000
16 1 100 0.529 1.000 1.000
16 1 100 0.480 1.000 1.000
16 1 100 0.516 1.000 1.000
16 1 1000 1.982 1.000 1.000
16 1 1000 2.041 1.000 1.000
16 1 1000 2.072 1.000 1.000
16 1 1000 2.101 1.000 1.000
16 1 1000 2.043 1.000 1.000
16 1 1000 2.123 1.000 1.000
16 1 1000 2.088 1.000 1.000
16 1 1000 2.096 1.000 1.000
16 1 1000 2.067 1.000 1.000
16 1 1000 2.081 1.000 1.000
16 2 10 0.636 1.000 1.000
16 2 10 0.663 1.000 1.000
16 2 10 0.571 1.000 1.000
16 2 10 0.577 1.000 1.000
16 2 10 0.535 1.000 1.000
16 2 10 0.633 1.000 1.000
16 2 10 0.567 1.000 1.000
16 2 10 0.584 1.000 1.000
16 2 10 0.529 1.000 1.000
16 2 10 0.634 1.000 1.000
16 2 100 0.561 1.000 1.000
16 2 100 0.561 1.000 1.000
16 2 100 0.539 1.000 1.000
16 2 100 0.568 1.000 1.000
16 2 100 0.529 1.000 1.000
16 2 100 0.586 1.000 1.000
16 2 100 0.564 1.000 1.000
16 2 100 0.593 1.000 1.000
16 2 100 0.627 1.000 1.000
16 2 100 0.598 1.000 1.000
16 2 1000 1.587 1.000 1.000
16 2 1000 1.634 1.000 1.000
16 2 1000 1.604 1.000 1.000
16 2 1000 1.566 1.000 1.000
16 2 1000 1.693 1.000 1.000
16 2 1000 1.626 1.000 1.000
16 2 1000 1.624 1.000 1.000
16 2 1000 1.699 1.000 1.000
16 2 1000 1.589 1.000 1.000
16 2 1000 1.568 1.000 1.000
16 4 10 0.572 1.000 1.000
16 4 10 0.557 1.000 1.000
16 4 10 0.566 1.000 1.000
16 4 10 0.535 1.000 1.000
16 4 10 0.617 1.000 1.000
16 4 10 0.604 1.000 1.000
16 4 10 0.601 1.000 1.000
16 4 10 0.591 1.000 1.000
16 4 10 0.599 1.000 1.000
16 4 10 0.568 1.000 1.000
16 4 100 0.623 1.000 1.000
16 4 100 0.601 1.000 1.000
16 4 100 0.659 1.000 1.000
16 4 100 0.628 1.000 1.000
16 4 100 0.611 1.000 1.000
16 4 100 0.606 1.000 1.000
16 4 100 0.660 1.000 1.000
16 4 100 0.576 1.000 1.000
16 4 100 0.606 1.000 1.000
16 4 100 0.561 1.000 1.000
16 4 1000 1.693 1.000 1.000
16 4 1000 1.798 1.000 1.000
16 4 1000 1.695 1.000 1.000
16 4 1000 1.780 1.000 1.000
16 4 1000 1.769 1.000 1.000
16 4 1000 1.730 1.000 1.000
16 4 1000 1.712 1.000 1.000
16 4 1000 1.710 1.000 1.000
16 4 1000 1.721 1.000 1.000
16 4 1000 1.746 1.000 1.000
16 8 10 0.724 1.000 1.000
16 8 10 0.585 1.000 1.000
16 8 10 0.654 1.000 1.000
16 8 10 0.649 1.000 1.000
16 8 10 0.594 1.000 1.000
16 8 10 0.582 1.000 1.000
16 8 10 0.601 1.000 1.000
16 8 10 0.583 1.000 1.000
16 8 10 0.604 1.000 1.000
16 8 10 0.531 1.000 1.000
16 8 100 0.653 1.000 1.000
16 8 100 0.602 1.000 1.000
16 8 100 0.634 1.000 1.000
16 8 100 0.623 1.000 1.000
16 8 100 0.648 1.000 1.000
16 8 100 0.577 1.000 1.000
16 8 100 0.675 1.000 1.000
16 8 100 0.600 1.000 1.000
16 8 100 0.596 1.000 1.000
16 8 100 0.622 1.000 1.000
16 8 1000 1.719 1.000 1.000
16 8 1000 1.685 1.000 1.000
16 8 1000 1.700 1.000 1.000
16 8 1000 1.677 1.000 1.000
16 8 1000 1.707 1.000 1.000
16 8 1000 1.700 1.000 1.000
16 8 1000 1.703 1.000 1.000
16 8 1000 1.733 1.000 1.000
16 8 1000 1.744 1.000 1.000
16 8 1000 1.732 1.000 1.000
16 16 10 0.700 1.000 1.000
16 16 10 0.678 1.000 1.000
16 16 10 0.599 1.000 1.000
16 16 10 0.729 1.000 1.000
16 16 10 0.716 1.000 1.000
16 16 10 0.666 1.000 1.000
16 16 10 0.622 1.000 1.000
16 16 10 0.564 1.000 1.000
16 16 10 0.659 1.000 1.000
16 16 10 0.701 1.000 1.000
16 16 100 0.660 1.000 1.000
16 16 100 0.655 1.000 1.000
16 16 100 0.657 1.000 1.000
16 16 100 0.607 1.000 1.000
16 16 100 0.632 1.000 1.000
16 16 100 0.664 1.000 1.000
16 16 100 0.650 1.000 1.000
16 16 100 0.641 1.000 1.000
16 16 100 0.643 1.000 1.000
16 16 100 0.631 1.000 1.000
16 16 1000 1.670 1.000 1.000
16 16 1000 1.643 1.000 1.000
16 16 1000 1.752 1.000 1.000
16 16 1000 1.780 1.000 1.000
16 16 1000 1.691 1.000 1.000
16 16 1000 1.753 1.000 1.000
16 16 1000 1.698 1.000 1.000
16 16 1000 1.703 1.000 1.000
16 16 1000 1.722 1.000 1.000
16 16 1000 1.715 1.000 1.000