1 1 10 0.512 15.445 17.504
1 1 10 0.559 11.784 18.800
1 1 10 0.521 19.028 11.495
1 1 10 0.528 16.945 17.126
1 1 10 0.525 17.088 18.773
1 1 10 0.516 18.020 14.655
1 1 10 0.532 18.275 10.408
1 1 10 0.566 14.628 16.604
1 1 10 0.535 18.548 15.888
1 1 10 0.503 14.925 17.177
1 1 100 0.651 2.471 2.891
1 1 100 0.684 2.499 3.282
1 1 100 0.684 3.358 2.279
1 1 100 0.715 2.558 2.686
1 1 100 0.712 3.027 2.575
1 1 100 0.751 2.001 2.685
1 1 100 0.733 2.929 2.689
1 1 100 0.782 3.518 1.967
1 1 100 0.809 1.929 3.432
1 1 100 0.721 2.828 2.712
1 1 1000 2.047 1.183 1.205
1 1 1000 2.056 1.154 1.298
1 1 1000 2.100 1.140 1.275
1 1 1000 2.002 1.110 1.349
1 1 1000 2.083 1.256 1.168
1 1 1000 2.061 1.247 1.172
1 1 1000 2.073 1.278 1.190
1 1 1000 2.193 1.225 1.207
1 1 1000 2.289 1.427 1.170
1 1 1000 2.081 1.399 1.122
2 1 10 0.696 56.353 16.579
2 1 10 0.717 51.048 23.478
2 1 10 0.662 49.946 20.537
2 1 10 0.732 54.882 15.221
2 1 10 0.614 42.901 18.007
2 1 10 0.726 51.596 22.405
2 1 10 0.699 48.993 22.293
2 1 10 0.737 61.162 22.428
2 1 10 0.737 52.653 14.625
2 1 10 0.669 47.127 20.967
2 1 100 0.965 7.920 3.196
2 1 100 1.052 8.932 3.750
2 1 100 0.945 8.158 3.901
2 1 100 0.879 7.822 2.806
2 1 100 0.891 7.951 2.904
2 1 100 0.965 8.647 3.247
2 1 100 0.945 8.278 2.888
2 1 100 0.958 8.602 3.383
2 1 100 0.887 7.175 3.402
2 1 100 0.939 7.330 3.475
2 1 1000 2.046 1.928 1.009
2 1 1000 2.125 2.076 0.851
2 1 1000 2.174 2.002 0.995
2 1 1000 2.153 2.163 0.836
2 1 1000 2.241 2.150 0.909
2 1 1000 2.036 2.069 0.822
2 1 1000 2.054 1.986 0.948
2 1 1000 2.171 2.063 1.044
2 1 1000 2.076 1.974 0.865
2 1 1000 2.444 2.306 1.045
2 2 10 0.732 40.603 44.167
2 2 10 1.121 56.992 46.374
2 2 10 1.270 75.430 55.229
2 2 10 0.813 55.315 54.048
2 2 10 0.855 49.834 60.859
2 2 10 1.021 62.000 60.725
2 2 10 0.995 63.950 65.186
2 2 10 0.912 63.819 59.165
2 2 10 0.991 63.073 62.617
2 2 10 1.001 70.158 67.509
2 2 100 1.191 8.672 8.244
2 2 100 1.147 7.656 7.458
2 2 100 1.136 7.630 7.890
2 2 100 1.043 7.378 7.168
2 2 100 1.108 7.989 7.600
2 2 100 1.119 7.699 7.741
2 2 100 1.102 8.090 7.433
2 2 100 1.088 7.675 8.034
2 2 100 1.140 8.122 8.137
2 2 100 1.194 8.968 7.883
2 2 1000 1.400 1.065 0.944
2 2 1000 1.419 0.972 0.988
2 2 1000 1.409 1.082 0.956
2 2 1000 1.426 1.010 0.960
2 2 1000 1.435 0.993 0.986
2 2 1000 1.407 0.991 1.096
2 2 1000 1.409 0.987 1.059
2 2 1000 1.487 1.052 0.995
2 2 1000 1.484 1.072 1.002
2 2 1000 1.508 1.143 0.914
4 1 10 2.192 359.641 47.716
4 1 10 2.170 340.812 45.314
4 1 10 1.795 292.322 39.473
4 1 10 1.967 321.220 40.516
4 1 10 1.961 321.819 40.613
4 1 10 2.747 454.201 57.340
4 1 10 2.324 386.218 44.106
4 1 10 2.655 433.718 52.483
4 1 10 1.969 317.976 39.677
4 1 10 2.637 436.891 57.934
4 1 100 3.773 64.648 8.591
4 1 100 3.099 50.554 6.601
4 1 100 2.881 48.016 6.190
4 1 100 3.385 59.323 7.177
4 1 100 3.340 55.843 7.042
4 1 100 3.140 50.845 6.417
4 1 100 2.881 47.043 6.188
4 1 100 3.153 52.458 6.772
4 1 100 2.989 47.981 6.477
4 1 100 3.009 43.150 5.716
4 1 1000 2.528 3.102 0.596
4 1 1000 3.634 4.269 0.667
4 1 1000 2.750 3.261 0.505
4 1 1000 2.730 3.746 1.006
4 1 1000 3.218 4.569 0.892
4 1 1000 2.329 3.316 0.568
4 1 1000 2.781 3.869 0.659
4 1 1000 2.324 3.293 0.621
4 1 1000 2.786 4.132 0.797
4 1 1000 2.345 3.293 0.661
4 2 10 3.807 554.454 169.784
4 2 10 3.064 447.688 140.009
4 2 10 3.349 503.311 155.637
4 2 10 3.372 503.798 148.884
4 2 10 3.540 513.231 165.835
4 2 10 3.370 505.966 144.676
4 2 10 3.097 427.545 154.751
4 2 10 3.196 447.932 153.880
4 2 10 3.170 460.185 153.945
4 2 10 3.013 413.366 144.133
4 2 100 3.509 51.075 16.230
4 2 100 2.962 41.368 14.037
4 2 100 3.164 43.250 13.263
4 2 100 3.168 44.754 14.032
4 2 100 3.657 53.324 16.919
4 2 100 3.195 45.347 14.669
4 2 100 2.769 39.129 12.522
4 2 100 3.195 44.425 14.389
4 2 100 3.709 54.104 16.664
4 2 100 3.571 51.466 15.121
4 2 1000 2.264 2.603 0.992
4 2 1000 1.946 2.278 0.960
4 2 1000 1.691 1.872 0.795
4 2 1000 2.022 2.319 1.007
4 2 1000 1.971 2.287 0.946
4 2 1000 1.771 1.968 0.925
4 2 1000 2.048 2.612 0.963
4 2 1000 2.049 2.345 1.033
4 2 1000 2.221 2.694 1.004
4 2 1000 2.416 2.824 0.999
4 4 10 4.828 497.227 458.002
4 4 10 5.194 514.127 484.647
4 4 10 4.852 478.065 456.307
4 4 10 4.432 417.519 418.453
4 4 10 4.119 393.592 411.600
4 4 10 4.351 386.170 417.285
4 4 10 3.384 317.942 322.346
4 4 10 3.944 418.939 367.294
4 4 10 4.111 392.090 422.160
4 4 10 3.985 386.268 355.613
4 4 100 3.870 38.732 34.445
4 4 100 4.346 35.837 32.306
4 4 100 4.094 40.427 37.196
4 4 100 3.781 37.036 36.593
4 4 100 3.917 38.389 35.440
4 4 100 4.310 43.153 38.186
4 4 100 4.081 39.055 38.101
4 4 100 3.702 38.442 32.638
4 4 100 3.827 38.037 33.747
4 4 100 3.346 31.600 30.646
4 4 1000 2.225 1.916 1.952
4 4 1000 2.122 1.669 1.716
4 4 1000 2.113 1.909 1.637
4 4 1000 2.068 1.778 1.455
4 4 1000 2.200 1.883 1.700
4 4 1000 1.968 1.626 1.434
4 4 1000 2.174 1.924 1.766
4 4 1000 2.246 1.908 1.742
4 4 1000 2.019 1.708 1.689
4 4 1000 2.182 1.827 1.611
8 1 10 6.483 1264.131 105.948
8 1 10 5.674 1070.007 86.641
8 1 10 5.400 870.071 69.885
8 1 10 5.548 989.704 80.755
8 1 10 5.062 914.904 85.818
8 1 10 6.348 1169.751 93.066
8 1 10 6.509 1220.451 100.099
8 1 10 5.824 1069.903 93.307
8 1 10 5.754 1083.312 92.704
8 1 10 7.426 1404.619 105.174
8 1 100 5.691 103.622 9.134
8 1 100 4.772 77.735 7.446
8 1 100 5.495 97.480 7.782
8 1 100 4.232 63.835 4.811
8 1 100 5.366 79.965 6.383
8 1 100 4.905 71.754 5.955
8 1 100 4.907 75.474 6.207
8 1 100 6.503 111.503 9.049
8 1 100 4.533 71.661 5.759
8 1 100 4.590 58.272 4.844
8 1 1000 5.617 7.535 0.533
8 1 1000 7.519 10.690 0.827
8 1 1000 3.864 6.775 0.587
8 1 1000 4.206 7.458 0.747
8 1 1000 3.287 5.874 0.487
8 1 1000 5.111 7.985 0.735
8 1 1000 4.497 6.634 0.606
8 1 1000 4.680 8.251 0.718
8 1 1000 4.554 7.750 0.730
8 1 1000 4.315 7.172 0.622
8 2 10 4.960 814.905 143.977
8 2 10 4.788 720.845 127.271
8 2 10 7.157 925.350 168.812
8 2 10 4.505 551.749 99.081
8 2 10 6.487 867.378 145.018
8 2 10 5.911 759.659 118.970
8 2 10 6.654 1027.003 154.673
8 2 10 6.487 785.449 121.765
8 2 10 7.599 705.947 130.811
8 2 10 6.915 762.345 131.131
8 2 100 6.059 73.250 11.746
8 2 100 6.657 99.918 15.058
8 2 100 6.016 82.822 13.661
8 2 100 5.661 90.122 13.374
8 2 100 5.387 75.940 10.429
8 2 100 5.717 83.919 13.221
8 2 100 6.047 91.284 14.356
8 2 100 5.457 76.780 12.194
8 2 100 4.931 70.603 10.906
8 2 100 5.706 96.453 16.216
8 2 1000 3.286 4.542 0.990
8 2 1000 3.796 5.310 0.996
8 2 1000 4.038 4.624 1.020
8 2 1000 4.157 5.537 1.053
8 2 1000 3.493 5.145 0.835
8 2 1000 5.725 6.579 1.021
8 2 1000 4.277 4.295 0.920
8 2 1000 5.047 6.175 0.966
8 2 1000 3.457 4.712 0.950
8 2 1000 3.345 5.272 0.936
8 4 10 9.010 988.548 382.361
8 4 10 7.498 968.466 323.929
8 4 10 6.605 635.288 216.128
8 4 10 7.284 1008.148 314.896
8 4 10 5.710 754.416 281.859
8 4 10 5.708 521.217 197.455
8 4 10 6.497 801.239 284.746
8 4 10 8.135 966.211 332.082
8 4 10 4.239 485.255 177.918
8 4 10 5.805 671.804 275.813
8 4 100 6.803 85.118 27.957
8 4 100 6.358 91.036 30.222
8 4 100 5.718 80.515 27.386
8 4 100 5.584 76.465 28.888
8 4 100 6.310 75.841 25.827
8 4 100 8.331 54.059 23.727
8 4 100 6.225 68.350 24.298
8 4 100 5.432 58.161 22.608
8 4 100 6.614 60.048 22.499
8 4 100 5.349 69.503 24.017
8 4 1000 2.891 3.215 1.421
8 4 1000 3.302 3.697 1.756
8 4 1000 2.902 3.327 1.526
8 4 1000 3.116 3.389 1.424
8 4 1000 3.092 3.576 1.524
8 4 1000 2.784 3.201 1.350
8 4 1000 3.250 4.094 1.320
8 4 1000 3.115 3.939 1.405
8 4 1000 3.004 3.819 1.412
8 4 1000 2.693 3.123 1.343
8 8 10 9.062 850.450 806.359
8 8 10 9.575 916.121 844.257
8 8 10 9.049 721.375 703.620
8 8 10 8.939 770.114 829.417
8 8 10 8.986 884.340 855.610
8 8 10 10.087 966.911 777.333
8 8 10 9.053 611.021 611.601
8 8 10 8.547 687.398 622.937
8 8 10 7.471 604.693 633.026
8 8 10 8.601 703.489 682.620
8 8 100 6.613 42.889 42.371
8 8 100 7.512 51.581 46.884
8 8 100 6.475 49.772 48.314
8 8 100 6.328 54.797 53.095
8 8 100 6.750 56.721 54.490
8 8 100 6.069 47.644 44.348
8 8 100 5.812 47.373 44.252
8 8 100 5.577 46.683 48.953
8 8 100 7.249 59.739 56.912
8 8 100 6.239 53.965 52.346
8 8 1000 3.807 3.026 2.391
8 8 1000 3.770 3.041 3.188
8 8 1000 3.355 2.644 2.652
8 8 1000 3.177 2.506 2.697
8 8 1000 4.050 2.351 2.696
8 8 1000 3.945 2.873 2.653
8 8 1000 3.671 2.894 2.738
8 8 1000 3.680 2.901 2.461
8 8 1000 4.036 2.820 2.705
8 8 1000 6.653 2.480 3.090
16 1 10 13.064 1518.973 67.179
16 1 10 8.974 1434.159 67.481
16 1 10 10.989 1770.974 84.511
16 1 10 8.720 1721.236 76.669
16 1 10 8.613 1684.603 77.228
16 1 10 8.803 1667.489 74.110
16 1 10 8.967 1767.373 86.827
16 1 10 11.220 2162.938 100.187
16 1 10 10.168 1964.434 96.111
16 1 10 10.160 1820.471 89.699
16 1 100 7.339 116.667 5.526
16 1 100 9.908 154.322 6.177
16 1 100 13.400 161.642 6.459
16 1 100 7.036 118.749 5.235
16 1 100 8.124 150.657 7.123
16 1 100 7.235 131.875 5.839
16 1 100 9.014 159.196 7.124
16 1 100 8.153 134.402 5.499
16 1 100 8.688 156.778 6.941
16 1 100 9.252 174.168 7.911
16 1 1000 8.231 14.440 0.674
16 1 1000 8.057 13.727 0.661
16 1 1000 7.732 13.793 0.629
16 1 1000 8.751 15.814 0.746
16 1 1000 8.502 13.747 0.754
16 1 1000 8.675 15.459 0.643
16 1 1000 9.761 16.620 0.796
16 1 1000 8.780 14.676 0.634
16 1 1000 11.590 17.359 0.719
16 1 1000 9.930 17.080 0.707
16 2 10 7.732 1289.176 104.561
16 2 10 8.501 1293.356 112.925
16 2 10 8.878 1401.134 112.017
16 2 10 6.872 1003.447 84.567
16 2 10 9.081 1419.070 122.756
16 2 10 9.538 1568.371 134.046
16 2 10 6.970 928.162 87.099
16 2 10 9.135 1499.233 116.332
16 2 10 6.996 1184.986 106.793
16 2 10 7.849 1333.243 118.366
16 2 100 8.570 132.816 11.650
16 2 100 8.197 130.263 11.663
16 2 100 8.235 138.768 11.766
16 2 100 6.618 101.991 9.373
16 2 100 7.386 106.358 10.439
16 2 100 6.283 94.511 9.744
16 2 100 8.867 145.555 11.005
16 2 100 6.893 112.192 9.732
16 2 100 7.608 123.179 10.777
16 2 100 9.033 130.936 10.762
16 2 1000 5.667 8.877 1.013
16 2 1000 6.181 7.915 0.748
16 2 1000 6.197 9.992 0.908
16 2 1000 5.620 8.773 0.994
16 2 1000 5.961 9.410 0.796
16 2 1000 5.892 9.399 0.877
16 2 1000 6.490 11.007 0.863
16 2 1000 5.299 9.160 0.917
16 2 1000 5.382 8.643 0.837
16 2 1000 5.628 9.597 0.991
16 4 10 12.429 2033.557 338.126
16 4 10 6.702 944.189 185.002
16 4 10 12.706 1968.519 328.282
16 4 10 8.593 1321.252 245.692
16 4 10 10.446 1441.148 263.670
16 4 10 5.875 851.427 190.970
16 4 10 7.759 1279.950 224.942
16 4 10 10.470 1529.422 249.696
16 4 10 8.790 1191.524 213.851
16 4 10 10.027 1392.561 243.595
16 4 100 7.459 96.303 17.443
16 4 100 8.352 103.356 18.648
16 4 100 8.023 84.425 18.499
16 4 100 7.194 90.647 16.181
16 4 100 7.386 85.734 16.330
16 4 100 7.330 95.669 17.323
16 4 100 7.639 99.980 17.136
16 4 100 7.493 101.708 19.348
16 4 100 6.286 84.377 15.983
16 4 100 6.854 93.952 18.228
16 4 1000 5.707 5.960 1.190
16 4 1000 4.497 5.397 1.284
16 4 1000 4.550 6.380 1.221
16 4 1000 5.039 7.084 1.283
16 4 1000 6.193 7.193 1.425
16 4 1000 6.572 7.786 1.400
16 4 1000 5.316 7.086 1.301
16 4 1000 5.647 6.197 1.388
16 4 1000 5.721 7.637 1.343
16 4 1000 6.160 7.379 1.329
16 8 10 10.123 1289.305 508.093
16 8 10 10.376 1315.983 463.425
16 8 10 8.059 959.403 416.126
16 8 10 9.924 1063.773 439.052
16 8 10 9.863 1246.588 470.961
16 8 10 9.040 964.142 461.539
16 8 10 6.995 705.373 333.212
16 8 10 6.579 722.847 265.974
16 8 10 10.283 1151.624 408.854
16 8 10 10.277 1178.808 477.135
16 8 100 6.900 84.225 32.921
16 8 100 7.412 91.389 37.503
16 8 100 7.628 96.617 37.498
16 8 100 8.742 103.613 40.461
16 8 100 7.606 89.640 37.578
16 8 100 8.160 83.468 31.296
16 8 100 8.535 102.434 41.831
16 8 100 10.020 86.117 33.292
16 8 100 7.381 83.518 32.667
16 8 100 7.507 91.168 32.953
16 8 1000 4.624 5.361 2.437
16 8 1000 4.295 5.025 2.153
16 8 1000 5.681 6.497 2.777
16 8 1000 5.796 5.779 2.335
16 8 1000 6.473 5.122 2.399
16 8 1000 6.197 5.119 2.452
16 8 1000 7.535 5.841 2.285
16 8 1000 5.162 4.675 2.015
16 8 1000 4.917 4.474 2.354
16 8 1000 6.181 4.963 2.563
16 16 10 15.608 675.626 597.499
16 16 10 10.616 913.206 731.233
16 16 10 6.895 582.856 463.059
16 16 10 7.797 519.816 451.704
16 16 10 12.299 1034.466 898.252
16 16 10 13.914 549.303 480.802
16 16 10 9.899 488.649 515.969
16 16 10 15.844 1099.698 1063.034
16 16 10 12.078 907.726 865.693
16 16 10 9.810 857.613 831.648
16 16 100 8.442 70.441 62.847
16 16 100 9.721 83.179 82.440
16 16 100 12.190 95.066 89.724
16 16 100 8.657 79.042 72.956
16 16 100 10.289 76.551 70.268
16 16 100 12.768 87.147 77.017
16 16 100 8.612 73.279 73.744
16 16 100 8.218 68.169 63.778
16 16 100 7.842 68.249 61.711
16 16 100 10.292 104.192 105.764
16 16 1000 5.787 5.600 4.873
16 16 1000 5.363 5.485 4.163
16 16 1000 5.099 5.052 4.551
16 16 1000 4.870 4.201 3.465
16 16 1000 5.527 5.002 4.862
16 16 1000 5.364 5.185 4.530
16 16 1000 5.330 5.322 4.782
16 16 1000 5.108 5.348 4.275
16 16 1000 5.256 5.170 4.608
16 16 1000 5.816 5.338 4.489