2 100 100 0.142 1.000 1.000
2 100 100 0.143 1.000 1.000
2 100 100 0.155 1.000 1.000
2 100 100 0.154 1.000 1.000
2 100 100 0.179 1.000 1.000
2 100 100 0.139 1.000 1.000
2 100 100 0.160 1.000 1.000
2 100 100 0.277 1.000 1.000
2 100 100 0.154 1.000 1.000
2 100 100 0.160 1.000 1.000
2 100 1000 0.307 1.000 1.000
2 100 1000 0.287 1.000 1.000
2 100 1000 0.285 1.000 1.000
2 100 1000 0.274 1.000 1.000
2 100 1000 0.268 1.000 1.000
2 100 1000 0.285 1.000 1.000
2 100 1000 0.311 1.000 1.000
2 100 1000 0.260 1.000 1.000
2 100 1000 0.278 1.000 1.000
2 100 1000 0.240 1.000 1.000
2 100 10000 1.522 1.000 1.000
2 100 10000 1.579 1.000 1.000
2 100 10000 1.536 1.000 1.000
2 100 10000 1.593 1.000 1.000
2 100 10000 1.571 1.000 1.000
2 100 10000 1.538 1.000 1.000
2 100 10000 1.570 1.000 1.000
2 100 10000 1.618 1.000 1.000
2 100 10000 1.497 1.000 1.000
2 100 10000 1.547 1.000 1.000
2 100 100000 14.354 1.000 1.000
2 100 100000 14.255 1.000 1.000
2 100 100000 14.255 1.000 1.000
2 100 100000 14.196 1.000 1.000
2 100 100000 14.241 1.000 1.000
2 100 100000 14.235 1.000 1.000
2 100 100000 14.211 1.000 1.000
2 100 100000 14.243 1.000 1.000
2 100 100000 14.251 1.000 1.000
2 100 100000 14.608 1.000 1.000
2 1000 100 0.528 1.000 1.000
2 1000 100 0.447 1.000 1.000
2 1000 100 0.429 1.000 1.000
2 1000 100 0.437 1.000 1.000
2 1000 100 0.456 1.000 1.000
2 1000 100 0.456 1.000 1.000
2 1000 100 0.457 1.000 1.000
2 1000 100 0.615 1.000 1.000
2 1000 100 0.490 1.000 1.000
2 1000 100 0.457 1.000 1.000
2 1000 1000 0.409 1.000 1.000
2 1000 1000 0.428 1.000 1.000
2 1000 1000 0.411 1.000 1.000
2 1000 1000 0.437 1.000 1.000
2 1000 1000 0.411 1.000 1.000
2 1000 1000 0.379 1.000 1.000
2 1000 1000 0.444 1.000 1.000
2 1000 1000 0.454 1.000 1.000
2 1000 1000 0.407 1.000 1.000
2 1000 1000 0.390 1.000 1.000
2 1000 10000 1.638 1.000 1.000
2 1000 10000 1.638 1.000 1.000
2 1000 10000 1.606 1.000 1.000
2 1000 10000 1.618 1.000 1.000
2 1000 10000 1.618 1.000 1.000
2 1000 10000 1.689 1.000 1.000
2 1000 10000 1.621 1.000 1.000
2 1000 10000 1.623 1.000 1.000
2 1000 10000 1.667 1.000 1.000
2 1000 10000 1.620 1.000 1.000
2 1000 100000 14.269 1.000 1.000
2 1000 100000 14.272 1.000 1.000
2 1000 100000 14.270 1.000 1.000
2 1000 100000 14.242 1.000 1.000
2 1000 100000 14.400 1.000 1.000
2 1000 100000 14.377 1.000 1.000
2 1000 100000 14.452 1.000 1.000
2 1000 100000 14.515 1.000 1.000
2 1000 100000 14.347 1.000 1.000
2 1000 100000 14.279 1.000 1.000
2 10000 100 2.269 1.000 1.000
2 10000 100 2.492 1.000 1.000
2 10000 100 2.508 1.000 1.000
2 10000 100 2.490 1.000 1.000
2 10000 100 2.417 1.000 1.000
2 10000 100 2.494 1.000 1.000
2 10000 100 2.461 1.000 1.000
2 10000 100 2.618 1.000 1.000
2 10000 100 2.463 1.000 1.000
2 10000 100 2.438 1.000 1.000
2 10000 1000 2.548 1.000 1.000
2 10000 1000 2.534 1.000 1.000
2 10000 1000 2.678 1.000 1.000
2 10000 1000 2.389 1.000 1.000
2 10000 1000 2.598 1.000 1.000
2 10000 1000 2.423 1.000 1.000
2 10000 1000 2.677 1.000 1.000
2 10000 1000 2.566 1.000 1.000
2 10000 1000 2.570 1.000 1.000
2 10000 1000 2.426 1.000 1.000
2 10000 10000 2.793 1.000 1.000
2 10000 10000 2.773 1.000 1.000
2 10000 10000 2.813 1.000 1.000
2 10000 10000 2.766 1.000 1.000
2 10000 10000 2.784 1.000 1.000
2 10000 10000 2.758 1.000 1.000
2 10000 10000 2.777 1.000 1.000
2 10000 10000 2.735 1.000 1.000
2 10000 10000 2.781 1.000 1.000
2 10000 10000 2.775 1.000 1.000
2 10000 100000 15.399 1.000 1.000
2 10000 100000 15.386 1.000 1.000
2 10000 100000 15.421 1.000 1.000
2 10000 100000 15.413 1.000 1.000
2 10000 100000 15.430 1.000 1.000
2 10000 100000 15.515 1.000 1.000
2 10000 100000 15.499 1.000 1.000
2 10000 100000 15.411 1.000 1.000
2 10000 100000 15.384 1.000 1.000
2 10000 100000 15.402 1.000 1.000
2 100000 100 20.840 1.000 1.000
2 100000 100 21.464 1.000 1.000
2 100000 100 20.736 1.000 1.000
2 100000 100 20.604 1.000 1.000
2 100000 100 20.716 1.000 1.000
2 100000 100 20.592 1.000 1.000
2 100000 100 20.966 1.000 1.000
2 100000 100 21.530 1.000 1.000
2 100000 100 20.705 1.000 1.000
2 100000 100 20.697 1.000 1.000
2 100000 1000 21.220 1.000 1.000
2 100000 1000 20.767 1.000 1.000
2 100000 1000 20.817 1.000 1.000
2 100000 1000 20.857 1.000 1.000
2 100000 1000 20.853 1.000 1.000
2 100000 1000 21.014 1.000 1.000
2 100000 1000 20.919 1.000 1.000
2 100000 1000 20.792 1.000 1.000
2 100000 1000 22.913 1.000 1.000
2 100000 1000 21.854 1.000 1.000
2 100000 10000 21.943 1.000 1.000
2 100000 10000 21.744 1.000 1.000
2 100000 10000 21.462 1.000 1.000
2 100000 10000 22.237 1.000 1.000
2 100000 10000 22.304 1.000 1.000
2 100000 10000 22.157 1.000 1.000
2 100000 10000 22.038 1.000 1.000
2 100000 10000 21.914 1.000 1.000
2 100000 10000 21.952 1.000 1.000
2 100000 10000 21.894 1.000 1.000
2 100000 100000 26.504 1.000 1.000
2 100000 100000 26.243 1.000 1.000
2 100000 100000 26.211 1.000 1.000
2 100000 100000 26.236 1.000 1.000
2 100000 100000 26.302 1.000 1.000
2 100000 100000 26.333 1.000 1.000
2 100000 100000 26.231 1.000 1.000
2 100000 100000 26.286 1.000 1.000
2 100000 100000 26.299 1.000 1.000
2 100000 100000 26.287 1.000 1.000
4 100 100 0.287 1.000 1.000
4 100 100 0.182 1.000 1.000
4 100 100 0.209 1.000 1.000
4 100 100 0.185 1.000 1.000
4 100 100 0.196 1.000 1.000
4 100 100 0.184 1.000 1.000
4 100 100 0.195 1.000 1.000
4 100 100 0.230 1.000 1.000
4 100 100 0.214 1.000 1.000
4 100 100 0.223 1.000 1.000
4 100 1000 0.275 1.000 1.000
4 100 1000 0.328 1.000 1.000
4 100 1000 0.246 1.000 1.000
4 100 1000 0.259 1.000 1.000
4 100 1000 0.257 1.000 1.000
4 100 1000 0.257 1.000 1.000
4 100 1000 0.260 1.000 1.000
4 100 1000 0.253 1.000 1.000
4 100 1000 0.284 1.000 1.000
4 100 1000 0.259 1.000 1.000
4 100 10000 1.161 1.000 1.000
4 100 10000 1.129 1.000 1.000
4 100 10000 1.176 1.000 1.000
4 100 10000 1.142 1.000 1.000
4 100 10000 1.172 1.000 1.000
4 100 10000 1.169 1.000 1.000
4 100 10000 1.354 1.000 1.000
4 100 10000 1.242 1.000 1.000
4 100 10000 1.329 1.000 1.000
4 100 10000 1.552 1.000 1.000
4 100 100000 10.886 1.000 1.000
4 100 100000 10.858 1.000 1.000
4 100 100000 10.841 1.000 1.000
4 100 100000 11.350 1.000 1.000
4 100 100000 10.769 1.000 1.000
4 100 100000 10.882 1.000 1.000
4 100 100000 11.027 1.000 1.000
4 100 100000 10.739 1.000 1.000
4 100 100000 10.746 1.000 1.000
4 100 100000 10.952 1.000 1.000
4 1000 100 0.520 1.000 1.000
4 1000 100 0.533 1.000 1.000
4 1000 100 0.465 1.000 1.000
4 1000 100 0.487 1.000 1.000
4 1000 100 0.504 1.000 1.000
4 1000 100 0.494 1.000 1.000
4 1000 100 0.520 1.000 1.000
4 1000 100 0.484 1.000 1.000
4 1000 100 0.458 1.000 1.000
4 1000 100 0.516 1.000 1.000
4 1000 1000 0.497 1.000 1.000
4 1000 1000 0.498 1.000 1.000
4 1000 1000 0.495 1.000 1.000
4 1000 1000 0.487 1.000 1.000
4 1000 1000 0.494 1.000 1.000
4 1000 1000 0.531 1.000 1.000
4 1000 1000 0.545 1.000 1.000
4 1000 1000 0.501 1.000 1.000
4 1000 1000 0.516 1.000 1.000
4 1000 1000 0.483 1.000 1.000
4 1000 10000 1.265 1.000 1.000
4 1000 10000 1.248 1.000 1.000
4 1000 10000 1.288 1.000 1.000
4 1000 10000 1.298 1.000 1.000
4 1000 10000 1.307 1.000 1.000
4 1000 10000 1.286 1.000 1.000
4 1000 10000 1.307 1.000 1.000
4 1000 10000 1.297 1.000 1.000
4 1000 10000 1.371 1.000 1.000
4 1000 10000 1.308 1.000 1.000
4 1000 100000 10.946 1.000 1.000
4 1000 100000 10.996 1.000 1.000
4 1000 100000 10.924 1.000 1.000
4 1000 100000 10.968 1.000 1.000
4 1000 100000 10.883 1.000 1.000
4 1000 100000 10.914 1.000 1.000
4 1000 100000 11.041 1.000 1.000
4 1000 100000 11.010 1.000 1.000
4 1000 100000 10.970 1.000 1.000
4 1000 100000 10.851 1.000 1.000
4 10000 100 2.694 1.000 1.000
4 10000 100 2.637 1.000 1.000
4 10000 100 2.648 1.000 1.000
4 10000 100 2.626 1.000 1.000
4 10000 100 2.669 1.000 1.000
4 10000 100 2.692 1.000 1.000
4 10000 100 2.627 1.000 1.000
4 10000 100 2.635 1.000 1.000
4 10000 100 2.663 1.000 1.000
4 10000 100 2.669 1.000 1.000
4 10000 1000 2.912 1.000 1.000
4 10000 1000 2.916 1.000 1.000
4 10000 1000 2.723 1.000 1.000
4 10000 1000 2.861 1.000 1.000
4 10000 1000 2.833 1.000 1.000
4 10000 1000 2.844 1.000 1.000
4 10000 1000 2.877 1.000 1.000
4 10000 1000 2.710 1.000 1.000
4 10000 1000 2.663 1.000 1.000
4 10000 1000 2.873 1.000 1.000
4 10000 10000 3.708 1.000 1.000
4 10000 10000 3.327 1.000 1.000
4 10000 10000 3.953 1.000 1.000
4 10000 10000 3.719 1.000 1.000
4 10000 10000 4.013 1.000 1.000
4 10000 10000 4.736 1.000 1.000
4 10000 10000 3.644 1.000 1.000
4 10000 10000 4.012 1.000 1.000
4 10000 10000 3.998 1.000 1.000
4 10000 10000 4.027 1.000 1.000
4 10000 100000 11.934 1.000 1.000
4 10000 100000 11.880 1.000 1.000
4 10000 100000 11.929 1.000 1.000
4 10000 100000 11.845 1.000 1.000
4 10000 100000 11.854 1.000 1.000
4 10000 100000 11.946 1.000 1.000
4 10000 100000 11.947 1.000 1.000
4 10000 100000 11.775 1.000 1.000
4 10000 100000 11.883 1.000 1.000
4 10000 100000 11.839 1.000 1.000
4 100000 100 20.859 1.000 1.000
4 100000 100 20.941 1.000 1.000
4 100000 100 20.832 1.000 1.000
4 100000 100 20.869 1.000 1.000
4 100000 100 20.861 1.000 1.000
4 100000 100 22.199 1.000 1.000
4 100000 100 20.846 1.000 1.000
4 100000 100 20.929 1.000 1.000
4 100000 100 20.985 1.000 1.000
4 100000 100 20.821 1.000 1.000
4 100000 1000 21.120 1.000 1.000
4 100000 1000 21.033 1.000 1.000
4 100000 1000 21.089 1.000 1.000
4 100000 1000 21.110 1.000 1.000
4 100000 1000 20.964 1.000 1.000
4 100000 1000 20.993 1.000 1.000
4 100000 1000 21.052 1.000 1.000
4 100000 1000 21.130 1.000 1.000
4 100000 1000 21.045 1.000 1.000
4 100000 1000 21.028 1.000 1.000
4 100000 10000 21.764 1.000 1.000
4 100000 10000 22.148 1.000 1.000
4 100000 10000 22.216 1.000 1.000
4 100000 10000 22.076 1.000 1.000
4 100000 10000 21.763 1.000 1.000
4 100000 10000 21.784 1.000 1.000
4 100000 10000 21.805 1.000 1.000
4 100000 10000 21.892 1.000 1.000
4 100000 10000 21.856 1.000 1.000
4 100000 10000 22.051 1.000 1.000
4 100000 100000 26.640 1.000 1.000
4 100000 100000 26.657 1.000 1.000
4 100000 100000 26.669 1.000 1.000
4 100000 100000 27.283 1.000 1.000
4 100000 100000 26.745 1.000 1.000
4 100000 100000 26.943 1.000 1.000
4 100000 100000 26.893 1.000 1.000
4 100000 100000 26.921 1.000 1.000
4 100000 100000 26.623 1.000 1.000
4 100000 100000 26.852 1.000 1.000
8 100 100 0.217 1.000 1.000
8 100 100 0.204 1.000 1.000
8 100 100 0.230 1.000 1.000
8 100 100 0.215 1.000 1.000
8 100 100 0.225 1.000 1.000
8 100 100 0.208 1.000 1.000
8 100 100 0.192 1.000 1.000
8 100 100 0.212 1.000 1.000
8 100 100 0.208 1.000 1.000
8 100 100 0.231 1.000 1.000
8 100 1000 0.300 1.000 1.000
8 100 1000 0.305 1.000 1.000
8 100 1000 0.285 1.000 1.000
8 100 1000 0.295 1.000 1.000
8 100 1000 0.265 1.000 1.000
8 100 1000 0.297 1.000 1.000
8 100 1000 0.242 1.000 1.000
8 100 1000 0.252 1.000 1.000
8 100 1000 0.264 1.000 1.000
8 100 1000 0.300 1.000 1.000
8 100 10000 1.202 1.000 1.000
8 100 10000 1.234 1.000 1.000
8 100 10000 1.228 1.000 1.000
8 100 10000 1.321 1.000 1.000
8 100 10000 1.260 1.000 1.000
8 100 10000 1.264 1.000 1.000
8 100 10000 1.269 1.000 1.000
8 100 10000 1.247 1.000 1.000
8 100 10000 1.281 1.000 1.000
8 100 10000 1.262 1.000 1.000
8 100 100000 10.743 1.000 1.000
8 100 100000 12.583 1.000 1.000
8 100 100000 10.636 1.000 1.000
8 100 100000 10.594 1.000 1.000
8 100 100000 10.568 1.000 1.000
8 100 100000 10.594 1.000 1.000
8 100 100000 10.599 1.000 1.000
8 100 100000 10.594 1.000 1.000
8 100 100000 10.600 1.000 1.000
8 100 100000 10.589 1.000 1.000
8 1000 100 0.501 1.000 1.000
8 1000 100 0.520 1.000 1.000
8 1000 100 0.499 1.000 1.000
8 1000 100 0.519 1.000 1.000
8 1000 100 0.515 1.000 1.000
8 1000 100 0.501 1.000 1.000
8 1000 100 0.513 1.000 1.000
8 1000 100 0.504 1.000 1.000
8 1000 100 0.491 1.000 1.000
8 1000 100 0.512 1.000 1.000
8 1000 1000 0.506 1.000 1.000
8 1000 1000 0.537 1.000 1.000
8 1000 1000 0.539 1.000 1.000
8 1000 1000 0.482 1.000 1.000
8 1000 1000 0.559 1.000 1.000
8 1000 1000 0.493 1.000 1.000
8 1000 1000 0.507 1.000 1.000
8 1000 1000 0.491 1.000 1.000
8 1000 1000 0.505 1.000 1.000
8 1000 1000 0.527 1.000 1.000
8 1000 10000 1.379 1.000 1.000
8 1000 10000 1.371 1.000 1.000
8 1000 10000 1.370 1.000 1.000
8 1000 10000 1.365 1.000 1.000
8 1000 10000 1.998 1.000 1.000
8 1000 10000 1.527 1.000 1.000
8 1000 10000 1.449 1.000 1.000
8 1000 10000 1.415 1.000 1.000
8 1000 10000 1.425 1.000 1.000
8 1000 10000 1.378 1.000 1.000
8 1000 100000 10.681 1.000 1.000
8 1000 100000 10.719 1.000 1.000
8 1000 100000 10.683 1.000 1.000
8 1000 100000 10.861 1.000 1.000
8 1000 100000 10.682 1.000 1.000
8 1000 100000 10.706 1.000 1.000
8 1000 100000 10.688 1.000 1.000
8 1000 100000 10.714 1.000 1.000
8 1000 100000 10.712 1.000 1.000
8 1000 100000 11.311 1.000 1.000
8 10000 100 2.758 1.000 1.000
8 10000 100 2.852 1.000 1.000
8 10000 100 2.655 1.000 1.000
8 10000 100 2.589 1.000 1.000
8 10000 100 2.726 1.000 1.000
8 10000 100 2.671 1.000 1.000
8 10000 100 3.063 1.000 1.000
8 10000 100 2.645 1.000 1.000
8 10000 100 2.671 1.000 1.000
8 10000 100 2.758 1.000 1.000
8 10000 1000 2.846 1.000 1.000
8 10000 1000 2.796 1.000 1.000
8 10000 1000 2.972 1.000 1.000
8 10000 1000 2.868 1.000 1.000
8 10000 1000 2.756 1.000 1.000
8 10000 1000 2.756 1.000 1.000
8 10000 1000 2.766 1.000 1.000
8 10000 1000 2.971 1.000 1.000
8 10000 1000 2.908 1.000 1.000
8 10000 1000 2.752 1.000 1.000
8 10000 10000 3.474 1.000 1.000
8 10000 10000 4.360 1.000 1.000
8 10000 10000 3.344 1.000 1.000
8 10000 10000 4.131 1.000 1.000
8 10000 10000 3.596 1.000 1.000
8 10000 10000 4.253 1.000 1.000
8 10000 10000 4.352 1.000 1.000
8 10000 10000 4.414 1.000 1.000
8 10000 10000 3.801 1.000 1.000
8 10000 10000 3.525 1.000 1.000
8 10000 100000 11.600 1.000 1.000
8 10000 100000 11.609 1.000 1.000
8 10000 100000 11.629 1.000 1.000
8 10000 100000 11.609 1.000 1.000
8 10000 100000 11.657 1.000 1.000
8 10000 100000 11.596 1.000 1.000
8 10000 100000 11.601 1.000 1.000
8 10000 100000 11.603 1.000 1.000
8 10000 100000 11.634 1.000 1.000
8 10000 100000 11.610 1.000 1.000
