2 100 100 0.236 8.421 7.630
2 100 100 0.194 7.667 8.065
2 100 100 0.184 7.101 6.979
2 100 100 0.238 8.924 5.873
2 100 100 0.217 5.250 7.246
2 100 100 0.205 7.788 6.990
2 100 100 0.332 4.516 11.624
2 100 100 0.352 8.499 9.540
2 100 100 0.380 10.244 8.711
2 100 100 0.295 7.602 9.217
2 100 1000 0.339 1.525 1.434
2 100 1000 0.394 1.499 1.312
2 100 1000 0.415 1.639 1.647
2 100 1000 0.376 1.493 1.251
2 100 1000 0.330 0.992 1.348
2 100 1000 0.355 1.295 1.227
2 100 1000 0.330 1.239 1.375
2 100 1000 0.318 1.465 1.120
2 100 1000 0.330 1.408 1.551
2 100 1000 0.297 1.104 1.176
2 100 10000 1.587 1.116 1.165
2 100 10000 1.646 1.171 1.081
2 100 10000 1.595 1.104 1.156
2 100 10000 1.578 1.088 1.184
2 100 10000 1.625 1.118 1.163
2 100 10000 1.619 1.173 1.087
2 100 10000 1.608 1.198 1.075
2 100 10000 1.607 1.102 1.170
2 100 10000 1.618 1.121 1.159
2 100 10000 1.640 1.090 1.153
2 100 100000 12.586 1.068 1.054
2 100 100000 12.568 1.068 1.054
2 100 100000 12.621 1.065 1.058
2 100 100000 12.524 1.065 1.056
2 100 100000 12.569 1.066 1.054
2 100 100000 12.580 1.068 1.055
2 100 100000 12.549 1.069 1.055
2 100 100000 12.553 1.063 1.059
2 100 100000 12.544 1.062 1.056
2 100 100000 12.518 1.065 1.055
2 1000 100 0.512 22.945 27.075
2 1000 100 0.537 35.831 25.792
2 1000 100 0.461 27.835 19.623
2 1000 100 0.569 32.388 26.550
2 1000 100 0.449 26.987 21.699
2 1000 100 0.446 29.006 19.718
2 1000 100 0.381 18.215 17.400
2 1000 100 0.450 29.426 20.544
2 1000 100 0.498 28.481 22.610
2 1000 100 0.491 25.796 25.613
2 1000 1000 0.523 2.455 3.009
2 1000 1000 0.511 3.209 2.722
2 1000 1000 0.535 2.795 3.038
2 1000 1000 0.521 3.241 2.725
2 1000 1000 0.504 3.186 2.254
2 1000 1000 0.509 2.716 2.628
2 1000 1000 0.427 2.095 1.895
2 1000 1000 0.506 3.157 2.654
2 1000 1000 0.543 2.724 3.331
2 1000 1000 0.409 1.910 1.783
2 1000 10000 1.650 1.161 1.170
2 1000 10000 1.624 1.163 1.166
2 1000 10000 1.648 1.254 1.082
2 1000 10000 1.641 1.061 1.281
2 1000 10000 1.655 1.066 1.259
2 1000 10000 1.685 1.073 1.272
2 1000 10000 1.676 1.197 1.135
2 1000 10000 1.697 1.247 1.053
2 1000 10000 1.709 1.118 1.235
2 1000 10000 1.683 1.239 1.091
2 1000 100000 12.530 1.069 1.054
2 1000 100000 12.565 1.070 1.056
2 1000 100000 12.571 1.061 1.065
2 1000 100000 12.550 1.066 1.059
2 1000 100000 14.023 1.070 1.059
2 1000 100000 12.621 1.072 1.052
2 1000 100000 12.608 1.073 1.054
2 1000 100000 13.511 1.071 1.060
2 1000 100000 12.565 1.061 1.061
2 1000 100000 20.830 1.001 1.832
2 10000 100 3.654 190.505 266.852
2 10000 100 3.569 267.703 215.253
2 10000 100 3.562 219.466 274.117
2 10000 100 3.550 191.871 304.709
2 10000 100 2.229 122.435 115.458
2 10000 100 2.255 122.542 115.795
2 10000 100 2.490 133.529 146.111
2 10000 100 3.072 186.709 212.459
2 10000 100 2.580 168.685 147.694
2 10000 100 3.553 210.430 285.171
2 10000 1000 2.376 13.052 13.092
2 10000 1000 3.570 20.800 29.450
2 10000 1000 3.547 23.555 22.776
2 10000 1000 2.278 12.607 12.338
2 10000 1000 3.349 18.361 27.856
2 10000 1000 3.606 30.730 18.250
2 10000 1000 3.345 26.384 18.575
2 10000 1000 3.567 22.894 24.515
2 10000 1000 3.353 26.700 18.390
2 10000 1000 3.577 19.606 30.900
2 10000 10000 3.698 2.031 3.123
2 10000 10000 3.530 2.011 2.346
2 10000 10000 3.881 1.966 3.151
2 10000 10000 2.717 1.446 1.395
2 10000 10000 3.341 1.936 2.240
2 10000 10000 3.480 2.230 1.938
2 10000 10000 3.455 2.323 2.064
2 10000 10000 3.417 2.473 1.856
2 10000 10000 3.563 1.915 2.740
2 10000 10000 3.313 1.826 2.316
2 10000 100000 13.609 1.076 1.103
2 10000 100000 13.595 1.076 1.095
2 10000 100000 13.576 1.115 1.063
2 10000 100000 13.573 1.095 1.083
2 10000 100000 13.507 1.049 1.122
2 10000 100000 13.508 1.046 1.126
2 10000 100000 13.482 1.078 1.090
2 10000 100000 13.548 1.082 1.096
2 10000 100000 14.180 1.084 1.092
2 10000 100000 13.573 1.108 1.067
2 100000 100 25.555 1577.485 1326.615
2 100000 100 31.152 2421.429 1726.589
2 100000 100 30.804 1912.439 2186.799
2 100000 100 22.216 1233.537 1187.382
2 100000 100 35.030 3007.942 1864.133
2 100000 100 34.906 2596.134 2258.958
2 100000 100 35.063 2689.916 2193.092
2 100000 100 33.203 2657.854 1883.992
2 100000 100 23.629 1445.014 1330.436
2 100000 100 35.416 2180.873 2679.295
2 100000 1000 35.297 220.247 277.862
2 100000 1000 21.767 121.007 119.557
2 100000 1000 31.810 172.435 257.886
2 100000 1000 35.221 228.395 267.443
2 100000 1000 32.326 194.041 244.520
2 100000 1000 21.900 120.762 119.768
2 100000 1000 34.253 266.483 210.101
2 100000 1000 32.547 216.377 229.503
2 100000 1000 35.298 197.290 300.261
2 100000 1000 31.220 206.788 178.921
2 100000 10000 35.362 22.848 26.263
2 100000 10000 35.481 23.307 23.649
2 100000 10000 25.865 14.311 17.214
2 100000 10000 29.918 18.634 20.671
2 100000 10000 35.449 26.486 23.594
2 100000 10000 26.474 15.966 15.709
2 100000 10000 23.054 12.838 12.551
2 100000 10000 34.708 22.570 25.968
2 100000 10000 35.310 26.270 23.235
2 100000 10000 23.152 13.173 13.351
2 100000 100000 35.500 2.068 2.878
2 100000 100000 36.602 2.272 2.356
2 100000 100000 37.058 1.988 2.984
2 100000 100000 36.918 2.016 3.068
2 100000 100000 37.015 2.632 2.147
2 100000 100000 36.859 2.390 2.414
2 100000 100000 35.356 1.911 2.703
2 100000 100000 36.478 2.222 2.528
2 100000 100000 36.776 2.172 2.677
2 100000 100000 37.277 1.991 3.020
4 100 100 0.314 10.519 12.044
4 100 100 0.280 15.013 10.492
4 100 100 0.301 15.154 18.724
4 100 100 0.289 19.423 10.696
4 100 100 0.303 14.426 12.148
4 100 100 0.276 14.659 15.648
4 100 100 0.287 15.571 9.854
4 100 100 0.240 16.012 12.163
4 100 100 0.297 16.514 14.967
4 100 100 0.329 18.293 13.026
4 100 1000 0.353 1.536 1.585
4 100 1000 0.360 1.707 2.255
4 100 1000 0.302 1.685 1.283
4 100 1000 0.371 2.053 1.793
4 100 1000 0.382 1.805 1.440
4 100 1000 0.294 1.275 1.895
4 100 1000 0.377 2.115 1.713
4 100 1000 0.360 1.834 1.610
4 100 1000 0.378 1.782 1.371
4 100 1000 0.327 1.341 2.013
4 100 10000 1.107 1.002 0.976
4 100 10000 1.111 1.023 1.013
4 100 10000 1.157 1.019 1.005
4 100 10000 1.081 1.000 1.023
4 100 10000 1.090 0.983 1.028
4 100 10000 1.171 1.038 0.958
4 100 10000 1.096 1.001 0.945
4 100 10000 1.277 0.995 1.019
4 100 10000 1.177 1.009 1.017
4 100 10000 1.141 1.052 0.905
4 100 100000 6.504 0.724 0.650
4 100 100000 5.716 0.601 0.563
4 100 100000 4.486 0.500 0.483
4 100 100000 7.262 0.749 0.725
4 100 100000 6.214 0.638 0.614
4 100 100000 3.740 0.369 0.503
4 100 100000 5.188 0.550 0.531
4 100 100000 5.112 0.537 0.516
4 100 100000 5.602 0.576 0.554
4 100 100000 3.844 0.362 0.470
4 1000 100 0.879 74.361 64.688
4 1000 100 0.905 71.058 80.362
4 1000 100 0.915 73.629 75.701
4 1000 100 0.951 81.496 77.951
4 1000 100 0.936 74.965 75.479
4 1000 100 0.919 75.945 81.719
4 1000 100 0.994 80.257 74.851
4 1000 100 0.931 79.445 79.207
4 1000 100 0.912 71.791 69.182
4 1000 100 0.921 81.325 77.503
4 1000 1000 1.039 7.778 8.159
4 1000 1000 0.909 7.564 7.185
4 1000 1000 0.802 6.252 6.307
4 1000 1000 0.969 8.527 7.320
4 1000 1000 0.960 7.340 7.280
4 1000 1000 0.967 8.066 7.333
4 1000 1000 0.852 7.140 6.932
4 1000 1000 0.960 7.990 7.203
4 1000 1000 0.924 7.398 7.438
4 1000 1000 0.928 7.777 7.196
4 1000 10000 1.079 0.985 0.862
4 1000 10000 1.057 0.860 1.001
4 1000 10000 1.118 0.983 0.861
4 1000 10000 1.174 0.980 0.915
4 1000 10000 1.151 0.957 0.956
4 1000 10000 1.149 1.014 0.789
4 1000 10000 1.143 0.911 1.019
4 1000 10000 1.116 0.963 0.904
4 1000 10000 1.184 0.896 0.981
4 1000 10000 1.115 0.751 1.040
4 1000 100000 8.235 0.827 0.825
4 1000 100000 7.552 0.782 0.762
4 1000 100000 8.378 0.826 0.834
4 1000 100000 8.370 0.845 0.832
4 1000 100000 8.490 0.853 0.857
4 1000 100000 8.238 0.827 0.819
4 1000 100000 8.126 0.831 0.802
4 1000 100000 6.691 0.719 0.677
4 1000 100000 7.340 0.744 0.750
4 1000 100000 7.965 0.818 0.799
4 10000 100 7.065 610.025 645.469
4 10000 100 6.745 605.206 560.717
4 10000 100 7.350 647.423 680.779
4 10000 100 7.385 665.021 676.017
4 10000 100 7.281 659.527 656.037
4 10000 100 7.140 628.646 666.331
4 10000 100 7.330 640.584 649.928
4 10000 100 7.353 679.316 653.531
4 10000 100 7.208 628.787 673.587
4 10000 100 7.402 674.874 671.412
4 10000 1000 7.572 69.459 68.616
4 10000 1000 7.540 69.866 68.987
4 10000 1000 7.645 68.907 71.408
4 10000 1000 7.406 67.165 67.356
4 10000 1000 7.630 69.313 70.082
4 10000 1000 7.574 68.681 69.953
4 10000 1000 7.584 70.547 66.741
4 10000 1000 7.585 69.301 69.351
4 10000 1000 7.517 68.464 67.614
4 10000 1000 7.687 64.266 66.874
4 10000 10000 7.704 7.118 7.018
4 10000 10000 7.693 7.021 6.656
4 10000 10000 7.692 6.580 6.950
4 10000 10000 7.467 6.930 7.072
4 10000 10000 7.539 6.933 7.161
4 10000 10000 7.577 6.863 6.964
4 10000 10000 7.340 6.718 7.120
4 10000 10000 7.562 7.170 6.863
4 10000 10000 7.520 6.898 6.403
4 10000 10000 7.459 7.225 6.783
4 10000 100000 9.487 0.818 0.997
4 10000 100000 10.008 0.902 0.953
4 10000 100000 9.863 0.905 0.936
4 10000 100000 9.834 0.942 0.895
4 10000 100000 9.832 0.925 0.910
4 10000 100000 9.820 0.858 0.967
4 10000 100000 9.783 0.889 0.913
4 10000 100000 9.814 0.965 0.852
4 10000 100000 9.947 0.915 0.927
4 10000 100000 9.814 0.863 0.960
4 100000 100 47.441 3916.317 3934.823
4 100000 100 46.509 3908.829 3879.055
4 100000 100 46.549 3960.125 3908.622
4 100000 100 47.593 4037.054 4118.333
4 100000 100 46.460 4010.623 3863.650
4 100000 100 47.419 3993.390 4045.434
4 100000 100 49.174 3995.230 3981.363
4 100000 100 47.741 3883.567 3987.366
4 100000 100 47.138 4049.247 3949.757
4 100000 100 49.729 4061.146 4115.913
4 100000 1000 51.168 425.055 434.109
4 100000 1000 49.228 424.761 420.476
4 100000 1000 50.357 435.109 431.275
4 100000 1000 50.750 438.304 436.705
4 100000 1000 50.223 428.611 434.717
4 100000 1000 50.373 421.227 443.122
4 100000 1000 49.806 428.122 425.072
4 100000 1000 49.756 423.747 431.966
4 100000 1000 49.780 423.984 432.879
4 100000 1000 48.811 408.583 427.307
4 100000 10000 51.022 42.469 42.478
4 100000 10000 50.690 44.231 42.881
4 100000 10000 50.769 44.104 42.990
4 100000 10000 52.290 45.682 45.040
4 100000 10000 50.888 42.246 43.145
4 100000 10000 52.036 45.995 43.843
4 100000 10000 52.302 43.734 44.308
4 100000 10000 51.953 43.097 41.353
4 100000 10000 52.329 43.206 45.164
4 100000 10000 51.223 44.260 41.190
4 100000 100000 55.182 4.895 4.769
4 100000 100000 56.463 4.647 4.816
4 100000 100000 55.672 4.566 4.732
4 100000 100000 57.759 4.810 4.607
4 100000 100000 57.707 4.794 4.614
4 100000 100000 56.198 4.626 4.801
4 100000 100000 56.381 4.648 4.782
4 100000 100000 55.187 4.584 4.618
4 100000 100000 56.032 4.603 4.760
4 100000 100000 54.209 4.703 4.552
8 100 100 0.388 24.483 19.928
8 100 100 0.550 39.784 38.252
8 100 100 0.404 34.388 18.234
8 100 100 0.374 29.541 25.804
8 100 100 0.390 28.928 15.822
8 100 100 0.421 33.891 30.028
8 100 100 0.342 23.142 15.976
8 100 100 0.414 31.925 16.751
8 100 100 0.413 22.390 21.880
8 100 100 0.381 31.576 20.944
8 100 1000 0.437 3.183 2.964
8 100 1000 0.465 2.736 2.487
8 100 1000 0.508 3.411 2.706
8 100 1000 0.441 3.152 2.395
8 100 1000 0.526 3.225 3.129
8 100 1000 0.481 3.397 2.520
8 100 1000 0.455 3.254 2.712
8 100 1000 0.474 3.145 2.372
8 100 1000 0.537 2.699 2.784
8 100 1000 0.481 3.184 2.817
8 100 10000 1.218 1.117 1.065
8 100 10000 0.990 0.978 0.937
8 100 10000 1.132 0.968 1.065
8 100 10000 1.186 1.042 1.037
8 100 10000 1.098 0.927 1.023
8 100 10000 1.184 1.092 1.030
8 100 10000 1.151 1.072 0.918
8 100 10000 1.111 0.970 0.935
8 100 10000 1.157 0.999 0.914
8 100 10000 1.073 0.930 0.854
8 100 100000 4.311 0.469 0.419
8 100 100000 7.401 0.651 0.714
8 100 100000 3.523 0.361 0.347
8 100 100000 3.518 0.352 0.360
8 100 100000 3.275 0.329 0.323
8 100 100000 3.329 0.333 0.331
8 100 100000 2.861 0.285 0.273
8 100 100000 4.005 0.403 0.399
8 100 100000 4.090 0.392 0.397
8 100 100000 3.731 0.376 0.373
8 1000 100 1.148 98.195 91.672
8 1000 100 1.106 83.102 90.091
8 1000 100 1.194 110.359 93.040
8 1000 100 1.267 119.194 100.549
8 1000 100 1.129 101.470 92.224
8 1000 100 1.117 111.249 88.393
8 1000 100 1.126 101.025 85.903
8 1000 100 1.169 100.472 98.268
8 1000 100 1.116 97.719 89.970
8 1000 100 1.110 101.331 84.005
8 1000 1000 1.087 9.097 8.974
8 1000 1000 1.083 9.510 7.998
8 1000 1000 1.132 10.523 8.608
8 1000 1000 1.145 9.607 10.154
8 1000 1000 1.131 10.593 8.661
8 1000 1000 1.082 9.006 8.333
8 1000 1000 1.044 8.833 7.860
8 1000 1000 1.133 10.006 9.231
8 1000 1000 1.059 8.838 9.622
8 1000 1000 0.976 8.837 7.939
8 1000 10000 1.422 1.263 1.085
8 1000 10000 1.454 1.277 1.145
8 1000 10000 1.305 1.139 1.055
8 1000 10000 1.394 1.191 1.138
8 1000 10000 1.444 1.219 1.160
8 1000 10000 1.537 1.311 1.209
8 1000 10000 1.685 1.143 1.212
8 1000 10000 1.432 1.182 1.065
8 1000 10000 1.427 1.146 1.116
8 1000 10000 1.393 1.317 1.056
8 1000 100000 4.457 0.450 0.444
8 1000 100000 5.195 0.535 0.522
8 1000 100000 4.546 0.470 0.446
8 1000 100000 6.323 0.701 0.627
8 1000 100000 6.944 0.657 0.676
8 1000 100000 5.024 0.514 0.509
8 1000 100000 4.454 0.463 0.429
8 1000 100000 5.044 0.527 0.503
8 1000 100000 4.672 0.462 0.461
8 1000 100000 4.845 0.507 0.479
8 10000 100 8.735 831.662 764.752
8 10000 100 8.898 853.540 798.830
8 10000 100 8.947 821.205 848.016
8 10000 100 8.214 757.406 791.729
8 10000 100 9.527 790.503 801.265
8 10000 100 8.862 767.279 820.006
8 10000 100 8.599 761.849 706.963
8 10000 100 9.523 847.971 821.444
8 10000 100 8.990 818.294 806.902
8 10000 100 9.355 853.095 779.505
8 10000 1000 8.979 79.183 75.108
8 10000 1000 8.699 75.138 76.469
8 10000 1000 10.686 84.991 82.177
8 10000 1000 8.926 79.148 79.917
8 10000 1000 7.872 74.204 71.258
8 10000 1000 8.181 75.822 70.630
8 10000 1000 8.085 75.669 72.668
8 10000 1000 8.039 74.529 74.173
8 10000 1000 8.205 76.926 75.407
8 10000 1000 8.236 76.037 76.158
8 10000 10000 8.401 7.903 7.723
8 10000 10000 8.576 8.067 7.771
8 10000 10000 7.710 7.545 7.191
8 10000 10000 8.638 7.569 7.905
8 10000 10000 8.124 7.474 7.083
8 10000 10000 8.502 7.508 7.853
8 10000 10000 8.149 8.011 7.626
8 10000 10000 7.975 7.644 7.579
8 10000 10000 7.966 7.581 7.609
8 10000 10000 8.328 7.816 7.663
8 10000 100000 10.711 1.035 0.999
8 10000 100000 10.994 1.032 1.012
8 10000 100000 10.972 1.043 1.005
8 10000 100000 10.802 1.025 0.988
8 10000 100000 10.894 1.022 1.013
8 10000 100000 10.834 1.032 0.986
8 10000 100000 10.815 1.016 0.995
8 10000 100000 10.969 1.038 1.009
8 10000 100000 10.916 1.036 0.999
8 10000 100000 10.876 1.016 1.014
